hl08
82

   224318.484375000     
   224559.683593750     
   224585.832031250     
   227026.101562500     
   228162.875000000     
   228161.597656250     
   229962.855468750     
   231133.527343750     
   232488.054687500     
   234011.769531250     
   235486.558593750     
   236255.851562500     
   236883.414062500     
   238344.312500000     
   239027.355468750     
   241450.613281250     
   243188.222656250     
   243828.945312500     
   244254.035156250     
   245083.597656250     
   246794.855468750     
   247044.265625000     
   248761.347656250     
   250291.644531250     
   265901.292968750     
   267470.496093750     
   270854.593750000     
   270904.664062500     
   274034.484375000     
   274444.843750000     
   274609.992187500     
   274721.484375000     
   275920.304687500     
   276416.953125000     
   278577.976562500     
   278791.914062500     
   281474.640625000     
   283403.937500000     
   284018.156250000     
   284021.710937500     
   286453.914062500     
   287908.609375000     
   288152.726562500     
   288727.039062500     
   288898.234375000     
   288929.742187500     
   288924.296875000     
   289319.765625000     
   289983.179687500     
   290579.781250000     
   291057.863281250     
   291106.765625000     
   291850.421875000     
   292206.695312500     
   292793.242187500     
   293183.140625000     
   293594.320312500     
   293566.585937500     
   298949.390625000     
   299375.843750000     
   302475.882812500     
   304061.398437500     
   311278.875000000     
   311317.539062500     
   311433.898437500     
   311516.851562500     
   315280.843750000     
   315412.203125000     
   316439.210937500     
   317160.265625000     
   317359.804687500     
   317439.132812500     
   318079.273437500     
   318368.421875000     
   321808.898437500     
   321791.593750000     
   323132.718750000     
   323442.359375000     
   326433.656250000     
   326441.515625000     
   326704.007812500     
   326853.078125000     
84

   224557.953125000     
   224810.750000000     
   225969.257812500     
   225984.117187500     
   226777.125000000     
   228669.281250000     
   228657.359375000     
   229218.144531250     
   229188.109375000     
   229404.425781250     
   229382.511718750     
   229815.761718750     
   231160.824218750     
   232450.132812500     
   239781.640625000     
   240073.656250000     
   240671.828125000     
   241299.128906250     
   241906.359375000     
   242149.320312500     
   242846.074218750     
   244608.761718750     
   245572.578125000     
   245473.015625000     
   245908.027343750     
   247449.660156250     
   248440.796875000     
   248706.046875000     
   249816.878906250     
   250707.589843750     
   251116.554687500     
   251785.820312500     
   255693.406250000     
   269673.320312500     
   271148.062500000     
   273494.710937500     
   274784.632812500     
   275314.414062500     
   277040.218750000     
   277042.796875000     
   282759.203125000     
   282799.000000000     
   283209.851562500     
   283521.992187500     
   283883.351562500     
   284020.890625000     
   284428.359375000     
   284616.890625000     
   285012.726562500     
   285039.609375000     
   286643.031250000     
   287280.218750000     
   288187.773437500     
   288042.421875000     
   288460.078125000     
   288346.437500000     
   289301.679687500     
   289843.421875000     
   290018.523437500     
   290505.257812500     
   290581.757812500     
   290571.843750000     
   290605.265625000     
   290850.343750000     
   290872.273437500     
   291946.437500000     
   293031.703125000     
   293023.796875000     
   293164.679687500     
   294021.726562500     
   294792.390625000     
   294998.273437500     
   295524.351562500     
   295815.921875000     
   297869.132812500     
   297966.031250000     
   297974.937500000     
   298432.992187500     
   302659.460937500     
   303166.789062500     
   326184.804687500     
   326188.531250000     
   371693.289062500     
   372344.757812500     
86

   220313.335937500     
   221648.015625000     
   222592.566406250     
   222629.042968750     
   223014.824218750     
   224393.140625000     
   224937.910156250     
   225108.394531250     
   226115.105468750     
   227336.218750000     
   227335.882812500     
   228939.558593750     
   229724.609375000     
   229724.250000000     
   230831.761718750     
   235005.777343750     
   235722.859375000     
   235722.816406250     
   241672.582031250     
   242400.554687500     
   242387.812500000     
   242766.542968750     
   243212.925781250     
   243730.136718750     
   244122.761718750     
   245381.476562500     
   247488.292968750     
   248971.441406250     
   249686.367187500     
   251714.566406250     
   252774.117187500     
   259948.960937500     
   266184.980468750     
   275737.136718750     
   279078.703125000     
   279413.921875000     
   279378.953125000     
   279537.523437500     
   284279.062500000     
   285296.101562500     
   285675.218750000     
   285691.195312500     
   285985.101562500     
   286170.460937500     
   286404.429687500     
   286465.656250000     
   286346.046875000     
   286513.468750000     
   287161.507812500     
   287676.500000000     
   288528.203125000     
   288522.015625000     
   289143.296875000     
   290196.187500000     
   290359.187500000     
   290713.921875000     
   292273.414062500     
   292252.000000000     
   293326.265625000     
   294020.382812500     
   294984.796875000     
   295518.960937500     
   295520.078125000     
   295983.031250000     
   296104.359375000     
   296762.007812500     
   297129.976562500     
   297131.289062500     
   303798.835937500     
   304847.203125000     
   310224.265625000     
   310232.000000000     
   310391.828125000     
   310399.203125000     
   313120.070312500     
   313359.398437500     
   313602.765625000     
   313599.546875000     
   318299.078125000     
   318297.140625000     
   318596.859375000     
   318624.679687500     
   327056.851562500     
   327052.750000000     
   329157.000000000     
   329158.742187500     
88

   224529.113281250     
   224789.789062500     
   225109.714843750     
   227186.843750000     
   227170.042968750     
   227734.917968750     
   229218.335937500     
   229189.820312500     
   229289.535156250     
   229440.988281250     
   229524.375000000     
   229623.296875000     
   231260.093750000     
   233089.949218750     
   240221.636718750     
   240938.316406250     
   241558.531250000     
   242535.906250000     
   242947.351562500     
   243063.566406250     
   243779.886718750     
   243822.917968750     
   244303.089843750     
   244619.906250000     
   246121.285156250     
   246610.492187500     
   246690.363281250     
   247504.566406250     
   252031.003906250     
   252001.371093750     
   253563.464843750     
   270294.187500000     
   270496.781250000     
   270664.281250000     
   271266.117187500     
   272656.164062500     
   278407.312500000     
   278415.203125000     
   284075.140625000     
   284996.101562500     
   285041.484375000     
   285078.007812500     
   285143.078125000     
   286212.484375000     
   286551.679687500     
   287053.156250000     
   287172.382812500     
   287167.203125000     
   287228.218750000     
   287243.281250000     
   287771.460937500     
   288119.203125000     
   288243.960937500     
   288230.906250000     
   291371.375000000     
   291380.515625000     
   294101.015625000     
   294114.460937500     
   295443.187500000     
   295465.218750000     
   295464.921875000     
   296095.218750000     
   296101.703125000     
   296509.226562500     
   298024.023437500     
   297991.531250000     
   301345.984375000     
   301316.210937500     
   301635.679687500     
   301619.296875000     
   303859.484375000     
   303861.906250000     
   314686.937500000     
   314688.273437500     
   314798.125000000     
   314826.023437500     
   318022.640625000     
   318195.929687500     
   323156.460937500     
   323178.078125000     
   325101.187500000     
   325101.414062500     
   325144.101562500     
   325152.296875000     
   329318.671875000     
   329289.585937500     
   329379.632812500     
   329400.664062500     
90

   223370.433593750     
   223425.992187500     
   223539.113281250     
   223644.550781250     
   225749.039062500     
   225848.316406250     
   227082.035156250     
   227063.437500000     
   232905.796875000     
   236428.753906250     
   237402.812500000     
   240444.175781250     
   240514.773437500     
   240646.964843750     
   242470.664062500     
   242450.285156250     
   242726.972656250     
   242784.007812500     
   243017.296875000     
   243197.414062500     
   244480.906250000     
   244765.902343750     
   245809.648437500     
   246424.460937500     
   249323.843750000     
   249317.527343750     
   251630.644531250     
   252310.585937500     
   254719.550781250     
   262456.218750000     
   267445.453125000     
   268065.707031250     
   270378.976562500     
   272256.296875000     
   275593.437500000     
   276647.035156250     
   278098.046875000     
   278072.359375000     
   280169.367187500     
   280152.304687500     
   281590.898437500     
   281753.015625000     
   282058.820312500     
   282075.523437500     
   282212.789062500     
   282495.828125000     
   282525.156250000     
   282543.750000000     
   283289.000000000     
   283295.843750000     
   284601.476562500     
   284798.085937500     
   284865.882812500     
   285023.500000000     
   285832.250000000     
   285856.148437500     
   285973.250000000     
   286169.726562500     
   286352.414062500     
   287082.703125000     
   287500.000000000     
   287711.976562500     
   288610.273437500     
   288646.195312500     
   289219.328125000     
   289309.929687500     
   289315.226562500     
   289411.007812500     
   289838.867187500     
   289845.007812500     
   290077.023437500     
   290295.070312500     
   290299.750000000     
   290782.867187500     
   292097.554687500     
   292099.281250000     
   292403.804687500     
   292999.281250000     
   293225.593750000     
   293803.226562500     
   294144.187500000     
   294262.718750000     
   298674.296875000     
   298678.296875000     
   301527.132812500     
   302489.031250000     
   315590.937500000     
   315817.859375000     
   315814.281250000     
   315836.429687500     
92

   325960.070312500     
   326336.265625000     
   326599.593750000     
   327139.335937500     
   327214.789062500     
   327345.945312500     
   327393.632812500     
   327592.218750000     
   327747.234375000     
   327827.726562500     
   327858.304687500     
   328002.140625000     
   327969.421875000     
   328053.687500000     
   328138.984375000     
   328180.171875000     
   328280.203125000     
   328543.226562500     
   328688.593750000     
   328754.664062500     
   329231.726562500     
   329477.875000000     
   329583.601562500     
   329791.843750000     
   329897.625000000     
   329851.585937500     
   329930.507812500     
   329977.351562500     
   330136.539062500     
   330181.023437500     
   330245.750000000     
   330391.710937500     
   330621.492187500     
   330885.125000000     
   330882.398437500     
   331164.250000000     
   331592.242187500     
   331638.304687500     
   331944.007812500     
   332028.164062500     
   332016.492187500     
   332126.234375000     
   332136.132812500     
   332425.695312500     
   332465.742187500     
   332681.703125000     
   332881.898437500     
   332843.781250000     
   332848.890625000     
   332967.585937500     
   333032.367187500     
   333209.609375000     
   333414.132812500     
   333611.796875000     
   334341.945312500     
   334337.976562500     
   334326.914062500     
   334435.234375000     
   334514.812500000     
   334526.914062500     
   334554.531250000     
   334697.085937500     
   334819.031250000     
   334949.515625000     
   335216.492187500     
   335892.093750000     
   336095.875000000     
   336150.601562500     
   336440.382812500     
   336651.421875000     
   336666.992187500     
   336808.382812500     
   336955.468750000     
   337057.679687500     
   337035.070312500     
   337162.906250000     
   337623.796875000     
   337829.570312500     
   338202.390625000     
   338494.265625000     
   339131.718750000     
   339227.929687500     
   339239.531250000     
   340165.796875000     
   341314.742187500     
   341313.156250000     
   342019.820312500     
   342014.843750000     
   347050.101562500     
   347049.078125000     
   356744.351562500     
   358429.546875000     
94

   278701.296875000     
   279625.375000000     
   323149.515625000     
   323317.812500000     
   323853.281250000     
   324135.953125000     
   324225.414062500     
   324230.179687500     
   324388.039062500     
   324517.750000000     
   324606.320312500     
   324680.296875000     
   324825.164062500     
   324913.046875000     
   325190.468750000     
   325262.609375000     
   325373.773437500     
   325812.437500000     
   325855.539062500     
   326011.921875000     
   326297.023437500     
   326327.140625000     
   326341.656250000     
   326559.117187500     
   326646.906250000     
   326721.890625000     
   327271.718750000     
   327496.062500000     
   327972.960937500     
   328089.632812500     
   328155.710937500     
   328238.875000000     
   328483.070312500     
   328789.382812500     
   328808.851562500     
   329279.437500000     
   329556.203125000     
   329773.546875000     
   330401.328125000     
   330408.109375000     
   330381.765625000     
   330442.132812500     
   330715.929687500     
   330705.125000000     
   331530.554687500     
   331557.289062500     
   331546.796875000     
   331632.867187500     
   331628.570312500     
   331619.265625000     
   331775.062500000     
   331866.140625000     
   331919.023437500     
   332024.695312500     
   332179.453125000     
   332520.078125000     
   332607.132812500     
   332685.156250000     
   332780.156250000     
   332786.937500000     
   332802.187500000     
   332987.898437500     
   333020.210937500     
   333127.070312500     
   333125.367187500     
   333210.945312500     
   333162.718750000     
   333302.164062500     
   333317.921875000     
   333631.562500000     
   333932.382812500     
   334056.773437500     
   334240.648437500     
   334384.781250000     
   334416.554687500     
   334577.101562500     
   334616.312500000     
   334596.710937500     
   337145.210937500     
   337296.046875000     
   341423.867187500     
   341437.070312500     
   341561.117187500     
   341568.203125000     
   341710.460937500     
   341712.234375000     
   341771.007812500     
   341768.039062500     
   344036.156250000     
   344827.273437500     
   352148.523437500     
   352148.171875000     
   353142.562500000     
   353224.179687500     
96

   322617.203125000     
   322616.039062500     
   322748.320312500     
   323022.875000000     
   323281.195312500     
   323434.234375000     
   325023.023437500     
   325538.953125000     
   325601.179687500     
   325609.156250000     
   325697.343750000     
   325861.007812500     
   325954.640625000     
   326068.507812500     
   326287.828125000     
   326327.367187500     
   327145.101562500     
   327498.351562500     
   327564.968750000     
   327624.968750000     
   327661.203125000     
   327807.398437500     
   327975.070312500     
   328114.078125000     
   328097.312500000     
   328148.656250000     
   328656.625000000     
   328675.062500000     
   328991.125000000     
   329290.835937500     
   329412.570312500     
   329492.460937500     
   329545.937500000     
   329553.687500000     
   329756.828125000     
   329803.195312500     
   329818.062500000     
   329872.250000000     
   330435.445312500     
   330445.867187500     
   330761.914062500     
   331130.750000000     
   331275.890625000     
   331297.578125000     
   331446.750000000     
   331604.273437500     
   331647.953125000     
   331603.609375000     
   331855.890625000     
   332027.578125000     
   332204.070312500     
   332653.203125000     
   332844.757812500     
   332986.671875000     
   333045.867187500     
   333200.546875000     
   333464.789062500     
   333466.140625000     
   333734.226562500     
   334297.429687500     
   334341.585937500     
   334535.335937500     
   335113.820312500     
   335228.375000000     
   335262.085937500     
   335407.210937500     
   335498.976562500     
   335502.984375000     
   335646.773437500     
   335833.757812500     
   335914.609375000     
   335976.382812500     
   336469.242187500     
   336669.507812500     
   337063.570312500     
   337073.398437500     
   337639.156250000     
   337773.007812500     
   339774.078125000     
   340256.570312500     
   340286.156250000     
   340528.703125000     
   341426.843750000     
   341440.687500000     
   342356.406250000     
   342822.421875000     
   342848.460937500     
   343243.281250000     
   344426.437500000     
   344465.937500000     
   350328.523437500     
   350334.710937500     
   350539.632812500     
   350537.515625000     
   369412.109375000     
   370813.171875000     
98

   279028.320312500     
   281534.843750000     
   321493.546875000     
   322051.000000000     
   322063.234375000     
   322699.953125000     
   322637.515625000     
   323010.960937500     
   323484.250000000     
   323514.117187500     
   323644.070312500     
   323835.046875000     
   323836.500000000     
   323887.539062500     
   324613.867187500     
   324642.156250000     
   324650.937500000     
   324778.757812500     
   324964.078125000     
   325007.445312500     
   325086.101562500     
   325270.695312500     
   325257.960937500     
   325328.359375000     
   325568.117187500     
   325609.359375000     
   325583.507812500     
   325758.398437500     
   326614.625000000     
   326660.625000000     
   326718.218750000     
   326777.437500000     
   326988.304687500     
   327055.218750000     
   327126.382812500     
   327310.007812500     
   327362.625000000     
   327379.265625000     
   327354.117187500     
   327336.875000000     
   327475.273437500     
   327801.414062500     
   328029.109375000     
   328226.265625000     
   328248.320312500     
   328329.671875000     
   329034.648437500     
   329017.031250000     
   329104.703125000     
   329154.703125000     
   329455.601562500     
   329517.867187500     
   329644.976562500     
   329862.500000000     
   330023.562500000     
   330091.320312500     
   330314.054687500     
   330477.664062500     
   330948.585937500     
   331142.617187500     
   331230.953125000     
   331504.390625000     
   331979.265625000     
   332077.945312500     
   332177.062500000     
   332229.921875000     
   332160.203125000     
   332236.109375000     
   332445.812500000     
   332531.304687500     
   332564.148437500     
   332614.632812500     
   332737.062500000     
   332767.078125000     
   332777.726562500     
   332826.187500000     
   333064.312500000     
   333593.992187500     
   333697.437500000     
   333937.398437500     
   334153.085937500     
   334216.492187500     
   334184.437500000     
   334388.867187500     
   334558.218750000     
   334692.218750000     
   335940.523437500     
   336433.921875000     
   336464.406250000     
   336490.828125000     
   336922.835937500     
   337393.882812500     
   337833.578125000     
   337840.578125000     
   358167.492187500     
   360442.609375000     
   362614.984375000     
   362768.289062500     
100

   324737.890625000     
   325224.804687500     
   325324.382812500     
   325402.156250000     
   325782.000000000     
   325934.265625000     
   326036.484375000     
   326189.257812500     
   326222.937500000     
   326290.265625000     
   326437.820312500     
   326525.492187500     
   326654.664062500     
   326811.523437500     
   327344.632812500     
   327531.406250000     
   327839.140625000     
   327854.585937500     
   327965.343750000     
   328082.101562500     
   328279.304687500     
   328393.960937500     
   328528.187500000     
   328670.984375000     
   328718.664062500     
   328705.898437500     
   328797.734375000     
   328840.257812500     
   328831.890625000     
   328765.507812500     
   329167.796875000     
   329303.015625000     
   329286.664062500     
   329360.406250000     
   329543.945312500     
   329624.921875000     
   329738.757812500     
   329804.921875000     
   329993.546875000     
   329971.429687500     
   329968.953125000     
   330027.664062500     
   330082.695312500     
   330313.296875000     
   330264.875000000     
   330393.351562500     
   330361.031250000     
   330416.921875000     
   330456.695312500     
   330619.343750000     
   330613.015625000     
   330790.734375000     
   330971.773437500     
   331089.007812500     
   331146.929687500     
   331094.562500000     
   331191.945312500     
   331200.179687500     
   331237.039062500     
   331501.257812500     
   331532.921875000     
   331539.398437500     
   331596.234375000     
   331596.890625000     
   331644.742187500     
   332454.671875000     
   332802.250000000     
   333129.304687500     
   333224.679687500     
   333622.289062500     
   333725.562500000     
   333784.820312500     
   333956.718750000     
   334142.664062500     
   334347.890625000     
   334544.960937500     
   334783.367187500     
   334743.390625000     
   335050.507812500     
   335118.718750000     
   335092.757812500     
   335525.367187500     
   335559.328125000     
   335523.531250000     
   335834.601562500     
   336393.765625000     
   336898.890625000     
   336919.601562500     
   337255.859375000     
   337326.179687500     
   337312.906250000     
   337366.093750000     
   338334.210937500     
   338716.023437500     
   340906.640625000     
   341613.515625000     
   344698.070312500     
   345133.000000000     
   347427.476562500     
   348003.343750000     
102

   312715.062500000     
   312713.773437500     
   323866.132812500     
   324171.187500000     
   325467.484375000     
   325541.570312500     
   325507.226562500     
   325908.890625000     
   325923.312500000     
   326306.820312500     
   326542.687500000     
   327040.585937500     
   327025.789062500     
   327171.578125000     
   327208.093750000     
   327284.421875000     
   327213.359375000     
   327230.164062500     
   327396.687500000     
   327372.140625000     
   327784.804687500     
   327794.679687500     
   327904.062500000     
   328076.140625000     
   328002.078125000     
   328055.734375000     
   328036.226562500     
   328027.398437500     
   328085.617187500     
   328328.851562500     
   329044.679687500     
   329129.593750000     
   329077.109375000     
   329155.953125000     
   329255.421875000     
   329416.156250000     
   329384.328125000     
   329403.210937500     
   329669.515625000     
   329733.976562500     
   329915.968750000     
   329928.335937500     
   329953.148437500     
   330058.984375000     
   330087.203125000     
   330139.648437500     
   330155.023437500     
   330433.437500000     
   330548.960937500     
   330879.796875000     
   331258.148437500     
   331622.351562500     
   331817.742187500     
   331808.882812500     
   331921.445312500     
   332144.406250000     
   332122.789062500     
   332217.179687500     
   332428.500000000     
   333222.929687500     
   333400.898437500     
   333513.609375000     
   333881.257812500     
   334060.492187500     
   334270.093750000     
   334419.914062500     
   334396.664062500     
   335005.789062500     
   334982.492187500     
   335098.101562500     
   335156.765625000     
   335299.820312500     
   335525.648437500     
   335642.773437500     
   335894.593750000     
   335915.820312500     
   336201.164062500     
   336213.984375000     
   337675.062500000     
   337756.273437500     
   337942.960937500     
   338041.460937500     
   338407.015625000     
   338498.132812500     
   339223.250000000     
   339214.492187500     
   340853.375000000     
   340871.351562500     
   341535.820312500     
   341534.593750000     
   341917.390625000     
   342104.531250000     
   345954.343750000     
   345952.695312500     
   350341.843750000     
   350698.281250000     
   352467.914062500     
   352466.421875000     
   355043.554687500     
   355064.593750000     
   382940.828125000     
   384400.953125000     
104

   325042.960937500     
   325088.359375000     
   325161.945312500     
   325292.390625000     
   325917.007812500     
   325939.679687500     
   325970.664062500     
   326127.367187500     
   326291.046875000     
   326311.140625000     
   326396.195312500     
   326340.093750000     
   326695.132812500     
   326769.500000000     
   327352.859375000     
   327351.093750000     
   327680.953125000     
   327782.312500000     
   327804.500000000     
   327919.289062500     
   329099.320312500     
   329209.554687500     
   330117.710937500     
   330225.257812500     
   330344.382812500     
   330485.117187500     
   330495.945312500     
   330616.015625000     
   330654.335937500     
   330747.351562500     
   330696.773437500     
   330871.867187500     
   330880.265625000     
   330923.320312500     
   330907.242187500     
   330986.242187500     
   331037.757812500     
   331214.945312500     
   331124.773437500     
   331405.632812500     
   331502.765625000     
   331590.578125000     
   331594.968750000     
   331573.421875000     
   331523.664062500     
   331614.203125000     
   331666.898437500     
   331683.335937500     
   331754.656250000     
   331835.882812500     
   331922.125000000     
   332055.375000000     
   332337.476562500     
   332378.468750000     
   332402.000000000     
   332446.820312500     
   332732.468750000     
   332754.882812500     
   332819.304687500     
   332795.796875000     
   332946.343750000     
   332932.648437500     
   332968.578125000     
   333442.062500000     
   333578.234375000     
   333741.593750000     
   333729.937500000     
   333921.046875000     
   333989.679687500     
   334095.148437500     
   334020.570312500     
   334020.570312500     
   334129.273437500     
   334572.992187500     
   334636.734375000     
   334729.312500000     
   334837.046875000     
   334849.820312500     
   335036.671875000     
   335036.335937500     
   335252.882812500     
   335405.062500000     
   335526.812500000     
   335583.992187500     
   335943.453125000     
   336826.718750000     
   337755.898437500     
   337738.500000000     
   339048.742187500     
   339490.523437500     
   339846.054687500     
   339956.125000000     
   339985.632812500     
   339962.203125000     
   340196.476562500     
   340277.132812500     
   340597.968750000     
   340701.070312500     
   341107.078125000     
   341122.000000000     
   343592.179687500     
   344086.859375000     
   364237.664062500     
   366297.671875000     
106

   280795.437500000     
   280789.062500000     
   323346.484375000     
   323546.023437500     
   323768.406250000     
   323840.007812500     
   324626.117187500     
   324739.429687500     
   324931.898437500     
   324942.539062500     
   325042.304687500     
   325087.109375000     
   325327.695312500     
   325382.382812500     
   326093.593750000     
   326111.195312500     
   326321.898437500     
   326404.531250000     
   326256.125000000     
   326780.531250000     
   327159.796875000     
   327577.882812500     
   328355.914062500     
   328369.382812500     
   328434.117187500     
   328504.171875000     
   328683.125000000     
   328747.656250000     
   328787.921875000     
   328764.335937500     
   329375.250000000     
   329476.531250000     
   330368.773437500     
   330375.570312500     
   330458.679687500     
   330455.867187500     
   330890.664062500     
   331218.960937500     
   331333.429687500     
   331504.875000000     
   331645.437500000     
   331770.929687500     
   331825.281250000     
   331934.515625000     
   332102.937500000     
   332079.554687500     
   332160.625000000     
   332185.125000000     
   332282.468750000     
   332284.039062500     
   332319.882812500     
   332344.976562500     
   332329.601562500     
   332396.031250000     
   332298.046875000     
   332317.773437500     
   332493.539062500     
   332740.898437500     
   332844.000000000     
   332943.632812500     
   333176.343750000     
   333440.742187500     
   333668.625000000     
   333869.421875000     
   334493.585937500     
   334741.414062500     
   334752.648437500     
   334796.023437500     
   335080.484375000     
   335233.125000000     
   335191.882812500     
   335214.960937500     
   335295.492187500     
   335772.789062500     
   336006.937500000     
   336133.109375000     
   336924.656250000     
   337525.476562500     
   337532.671875000     
   337769.289062500     
   337850.906250000     
   338468.109375000     
   338608.640625000     
   338636.398437500     
   338642.109375000     
   338642.593750000     
   338882.500000000     
   339030.742187500     
   338995.226562500     
   339128.515625000     
   339207.804687500     
   339193.992187500     
   339610.851562500     
   340116.578125000     
   341222.992187500     
   341222.890625000     
   344446.484375000     
   344449.093750000     
   345490.882812500     
   345844.398437500     
   346193.140625000     
   346258.523437500     
   349739.039062500     
   350258.515625000     
   364218.867187500     
   364307.023437500     
108

   322609.828125000     
   322832.156250000     
   323770.375000000     
   324727.726562500     
   325295.976562500     
   325256.601562500     
   325344.328125000     
   325449.296875000     
   325715.117187500     
   325951.164062500     
   326152.179687500     
   326173.046875000     
   326278.664062500     
   326684.882812500     
   326784.617187500     
   326851.046875000     
   326886.679687500     
   327047.414062500     
   327156.125000000     
   327166.640625000     
   327122.015625000     
   327198.625000000     
   327222.929687500     
   327411.578125000     
   328201.414062500     
   328428.320312500     
   330117.445312500     
   330370.546875000     
   330555.906250000     
   330630.531250000     
   330646.312500000     
   330701.015625000     
   330715.070312500     
   331070.343750000     
   331403.617187500     
   331466.007812500     
   331634.789062500     
   331728.656250000     
   331729.804687500     
   331849.250000000     
   331822.523437500     
   331878.757812500     
   332019.273437500     
   332073.578125000     
   332216.640625000     
   332291.953125000     
   332481.851562500     
   332447.523437500     
   332606.015625000     
   332654.937500000     
   332975.132812500     
   333369.109375000     
   333574.390625000     
   333762.726562500     
   333754.585937500     
   333825.179687500     
   333844.960937500     
   334123.531250000     
   334180.429687500     
   334244.523437500     
   334287.359375000     
   334484.828125000     
   334605.070312500     
   334664.382812500     
   334604.101562500     
   334720.937500000     
   334815.046875000     
   334889.101562500     
   334897.421875000     
   334860.640625000     
   334855.546875000     
   335025.554687500     
   335081.968750000     
   335161.445312500     
   335350.921875000     
   335741.460937500     
   335839.664062500     
   335974.039062500     
   336095.750000000     
   336087.429687500     
   336237.148437500     
   336244.289062500     
   336328.781250000     
   336470.546875000     
   336514.875000000     
   336685.937500000     
   336676.179687500     
   337004.351562500     
   336990.835937500     
   337351.117187500     
   337674.617187500     
   337691.695312500     
   339071.031250000     
   339078.273437500     
   339650.648437500     
   339819.523437500     
   339885.773437500     
   339974.070312500     
   341290.546875000     
   341924.421875000     
   343727.460937500     
   343736.484375000     
   344726.546875000     
   344728.445312500     
   347323.289062500     
   347351.390625000     
   347665.929687500     
   348955.023437500     
110

   272591.593750000     
   273219.320312500     
   322889.546875000     
   323154.351562500     
   323952.710937500     
   324008.812500000     
   324098.140625000     
   324195.000000000     
   324350.125000000     
   324663.679687500     
   324990.484375000     
   325131.218750000     
   325544.820312500     
   325972.078125000     
   326036.929687500     
   326154.828125000     
   326174.335937500     
   326349.281250000     
   326364.601562500     
   326637.875000000     
   326675.718750000     
   326906.812500000     
   327079.179687500     
   327084.875000000     
   327229.304687500     
   327333.320312500     
   327533.101562500     
   327508.593750000     
   327710.179687500     
   328138.882812500     
   328413.632812500     
   328506.492187500     
   328418.843750000     
   328760.937500000     
   328841.687500000     
   328928.656250000     
   328941.117187500     
   328955.601562500     
   329008.742187500     
   328975.820312500     
   329149.312500000     
   329489.000000000     
   329488.921875000     
   329682.281250000     
   329773.015625000     
   329858.695312500     
   329932.140625000     
   329964.804687500     
   330151.085937500     
   330203.335937500     
   330285.617187500     
   330495.625000000     
   330527.453125000     
   330615.523437500     
   330710.320312500     
   330881.304687500     
   331708.898437500     
   331822.546875000     
   331934.859375000     
   332166.289062500     
   332306.351562500     
   332387.484375000     
   332483.289062500     
   332641.695312500     
   332759.484375000     
   332748.820312500     
   332838.148437500     
   332888.039062500     
   332974.351562500     
   332979.382812500     
   333053.234375000     
   333188.015625000     
   333343.289062500     
   333455.000000000     
   333472.078125000     
   333832.250000000     
   333898.039062500     
   334196.062500000     
   334384.265625000     
   334788.820312500     
   334833.281250000     
   334948.914062500     
   335095.812500000     
   335201.156250000     
   335424.281250000     
   335610.851562500     
   335608.281250000     
   336442.945312500     
   337442.351562500     
   337658.328125000     
   337657.054687500     
   338041.750000000     
   338787.929687500     
   338955.718750000     
   339162.562500000     
   339441.054687500     
   339656.796875000     
   339752.085937500     
   339804.226562500     
   339797.625000000     
   340271.023437500     
   340272.781250000     
   340726.695312500     
   340759.640625000     
   345329.906250000     
   345375.460937500     
   346917.976562500     
   346913.265625000     
   371264.000000000     
   371417.539062500     
112

   325270.640625000     
   325339.359375000     
   325754.734375000     
   325764.546875000     
   327267.234375000     
   327401.515625000     
   327620.976562500     
   328091.640625000     
   328816.265625000     
   328894.078125000     
   329060.414062500     
   329220.867187500     
   329490.726562500     
   329620.382812500     
   329834.945312500     
   329897.218750000     
   330055.882812500     
   330564.648437500     
   330813.804687500     
   330802.250000000     
   331242.820312500     
   331243.945312500     
   331286.007812500     
   331335.546875000     
   331420.031250000     
   331415.812500000     
   331513.187500000     
   331553.507812500     
   331541.390625000     
   331591.640625000     
   331643.359375000     
   331623.828125000     
   331726.484375000     
   331868.429687500     
   332021.929687500     
   332217.492187500     
   332492.703125000     
   332487.921875000     
   332860.671875000     
   333005.585937500     
   333020.265625000     
   333031.289062500     
   333151.554687500     
   333150.046875000     
   333186.835937500     
   333284.851562500     
   333253.015625000     
   333470.875000000     
   333527.296875000     
   333537.984375000     
   333490.031250000     
   333510.351562500     
   333633.531250000     
   333594.531250000     
   333673.632812500     
   333704.937500000     
   333767.445312500     
   333775.500000000     
   333838.289062500     
   333931.125000000     
   333887.226562500     
   333884.187500000     
   333931.445312500     
   334022.156250000     
   334094.093750000     
   334166.945312500     
   334365.140625000     
   334360.703125000     
   334385.234375000     
   334547.085937500     
   334581.968750000     
   334853.257812500     
   334973.015625000     
   335130.492187500     
   335325.695312500     
   335455.359375000     
   335469.796875000     
   335541.937500000     
   335799.468750000     
   335976.101562500     
   335963.625000000     
   336102.531250000     
   336303.609375000     
   336323.875000000     
   336324.273437500     
   336332.742187500     
   336325.273437500     
   336597.257812500     
   336576.632812500     
   336599.500000000     
   336669.750000000     
   336664.531250000     
   336713.039062500     
   336755.585937500     
   336901.328125000     
   337146.234375000     
   337451.218750000     
   337804.585937500     
   337839.070312500     
   337882.382812500     
   337883.492187500     
   338580.757812500     
   338759.742187500     
   338871.976562500     
   339010.679687500     
   341047.585937500     
   342439.757812500     
   342878.093750000     
   344632.867187500     
   344632.843750000     
   365626.031250000     
   367009.250000000     
114

   281035.421875000     
   281173.031250000     
   323384.078125000     
   323391.257812500     
   323947.140625000     
   324053.437500000     
   325379.789062500     
   325470.945312500     
   325556.585937500     
   325584.671875000     
   326479.718750000     
   326650.859375000     
   326726.179687500     
   326997.296875000     
   327124.437500000     
   327303.140625000     
   327549.679687500     
   327707.500000000     
   327711.585937500     
   327783.468750000     
   328285.179687500     
   328592.414062500     
   328741.640625000     
   328866.171875000     
   328870.273437500     
   328892.781250000     
   328921.070312500     
   328999.117187500     
   329037.187500000     
   329171.031250000     
   329271.242187500     
   329460.531250000     
   329677.234375000     
   329827.546875000     
   329817.507812500     
   329947.312500000     
   329977.085937500     
   330139.281250000     
   330241.203125000     
   330271.242187500     
   330268.210937500     
   330567.882812500     
   330645.539062500     
   330721.109375000     
   330740.734375000     
   330818.054687500     
   331177.281250000     
   331501.257812500     
   331596.437500000     
   331792.937500000     
   332017.687500000     
   332264.937500000     
   332534.265625000     
   332672.710937500     
   332788.648437500     
   332820.609375000     
   333157.781250000     
   333173.031250000     
   333226.171875000     
   333279.289062500     
   333288.414062500     
   333249.468750000     
   333453.898437500     
   333486.789062500     
   333530.132812500     
   333667.070312500     
   333804.351562500     
   333845.375000000     
   333997.304687500     
   333941.281250000     
   334282.093750000     
   334292.390625000     
   334337.945312500     
   334425.375000000     
   334609.078125000     
   334691.023437500     
   334881.468750000     
   334842.812500000     
   335091.726562500     
   335273.859375000     
   335291.828125000     
   335733.328125000     
   335962.539062500     
   336006.757812500     
   336324.398437500     
   336372.820312500     
   336369.867187500     
   336457.523437500     
   336588.632812500     
   336553.085937500     
   336549.953125000     
   336625.421875000     
   336707.835937500     
   336697.023437500     
   336985.398437500     
   336992.289062500     
   337413.562500000     
   337621.125000000     
   337872.125000000     
   337872.648437500     
   337891.234375000     
   337998.789062500     
   338022.445312500     
   338072.578125000     
   339497.867187500     
   339501.609375000     
   342072.554687500     
   342071.296875000     
   343195.625000000     
   343196.078125000     
   346124.921875000     
   346832.367187500     
   364503.890625000     
   364785.726562500     
116

   321413.265625000     
   321571.539062500     
   323043.273437500     
   323062.343750000     
   323143.515625000     
   323356.351562500     
   323329.625000000     
   323800.476562500     
   324425.406250000     
   324436.851562500     
   324725.843750000     
   325070.679687500     
   325289.960937500     
   325346.882812500     
   325437.140625000     
   325449.835937500     
   325539.414062500     
   326118.843750000     
   326126.710937500     
   326217.929687500     
   326202.531250000     
   326329.070312500     
   326550.820312500     
   326765.671875000     
   326991.937500000     
   326944.710937500     
   327308.765625000     
   327416.265625000     
   327587.937500000     
   327850.812500000     
   327903.093750000     
   327989.015625000     
   327963.757812500     
   328309.703125000     
   328414.976562500     
   328741.265625000     
   330602.242187500     
   330658.476562500     
   330659.859375000     
   330759.562500000     
   331238.195312500     
   331595.515625000     
   331668.835937500     
   331896.375000000     
   331902.343750000     
   331979.578125000     
   331991.632812500     
   332056.500000000     
   332060.750000000     
   332088.117187500     
   332279.851562500     
   332316.164062500     
   332294.476562500     
   332391.453125000     
   332513.914062500     
   332548.750000000     
   332667.312500000     
   332775.289062500     
   332853.734375000     
   332840.429687500     
   332959.984375000     
   332976.296875000     
   333064.679687500     
   333092.945312500     
   333119.078125000     
   333136.976562500     
   333246.679687500     
   333175.820312500     
   333292.296875000     
   333273.328125000     
   333441.367187500     
   333647.007812500     
   334051.992187500     
   334182.867187500     
   334246.179687500     
   334249.523437500     
   334369.054687500     
   334287.500000000     
   334310.757812500     
   334558.242187500     
   334613.015625000     
   334674.164062500     
   334839.007812500     
   334852.171875000     
   334869.335937500     
   334901.281250000     
   334916.554687500     
   335027.414062500     
   335103.671875000     
   335232.226562500     
   335292.132812500     
   335294.171875000     
   335320.515625000     
   335419.500000000     
   335585.039062500     
   335512.953125000     
   335507.609375000     
   335579.968750000     
   336103.796875000     
   336380.750000000     
   336440.710937500     
   336537.062500000     
   336739.296875000     
   336778.023437500     
   338559.976562500     
   338803.414062500     
   342934.492187500     
   343221.515625000     
   347509.507812500     
   347507.671875000     
   347842.609375000     
   347839.359375000     
   347874.375000000     
   347875.921875000     
   372275.171875000     
   373511.320312500     
118

   297660.421875000     
   299722.023437500     
   322828.585937500     
   322826.265625000     
   323614.531250000     
   323769.320312500     
   326588.226562500     
   326653.992187500     
   327086.398437500     
   327262.742187500     
   327213.046875000     
   327661.421875000     
   327719.257812500     
   327857.265625000     
   328072.492187500     
   328110.570312500     
   328232.320312500     
   328188.945312500     
   328379.765625000     
   328883.875000000     
   329423.164062500     
   329600.992187500     
   330365.335937500     
   330503.539062500     
   330568.179687500     
   330584.335937500     
   330732.601562500     
   330827.132812500     
   331007.859375000     
   331056.671875000     
   331175.968750000     
   331318.789062500     
   331408.062500000     
   331496.101562500     
   331499.679687500     
   331632.820312500     
   331759.250000000     
   331880.929687500     
   332197.140625000     
   332134.179687500     
   332167.054687500     
   332198.210937500     
   332547.531250000     
   332875.437500000     
   332970.781250000     
   332965.851562500     
   332938.570312500     
   333146.992187500     
   333398.062500000     
   333350.406250000     
   333584.265625000     
   333653.898437500     
   333621.117187500     
   333652.726562500     
   333733.476562500     
   333899.164062500     
   333872.218750000     
   333949.906250000     
   333957.593750000     
   334144.585937500     
   334240.335937500     
   334422.046875000     
   334511.359375000     
   334463.640625000     
   334469.843750000     
   334491.179687500     
   335093.398437500     
   335170.609375000     
   335289.539062500     
   335457.117187500     
   335540.046875000     
   335961.750000000     
   336049.976562500     
   336084.539062500     
   336151.312500000     
   336185.460937500     
   336470.335937500     
   336490.945312500     
   336543.539062500     
   337128.085937500     
   337181.890625000     
   337180.156250000     
   337421.242187500     
   337613.562500000     
   337786.921875000     
   337684.687500000     
   337788.296875000     
   337906.812500000     
   338168.921875000     
   338180.632812500     
   338339.375000000     
   338319.585937500     
   338702.882812500     
   338810.484375000     
   338994.296875000     
   339198.656250000     
   339797.195312500     
   339831.218750000     
   341448.312500000     
   342955.179687500     
   342980.289062500     
   343433.023437500     
   343764.445312500     
   343756.648437500     
   343785.125000000     
   343975.968750000     
   344981.945312500     
   344991.718750000     
   344925.742187500     
   344925.382812500     
   357106.750000000     
   357106.789062500     
   357282.132812500     
   357285.484375000     
   363307.101562500     
   364314.945312500     
   365708.015625000     
   365928.890625000     
120

   322933.031250000     
   323064.804687500     
   323230.140625000     
   323555.976562500     
   323681.531250000     
   323798.953125000     
   323889.351562500     
   323923.054687500     
   324002.906250000     
   324596.945312500     
   325500.812500000     
   325991.320312500     
   326584.101562500     
   326650.054687500     
   326839.570312500     
   327194.546875000     
   327517.820312500     
   327578.078125000     
   327613.164062500     
   327744.703125000     
   327989.156250000     
   328096.835937500     
   328210.687500000     
   328304.351562500     
   328467.515625000     
   328462.460937500     
   328495.710937500     
   328560.992187500     
   328670.593750000     
   328747.289062500     
   328783.585937500     
   328826.953125000     
   328942.906250000     
   328965.843750000     
   330552.843750000     
   330727.429687500     
   330778.570312500     
   330844.445312500     
   330882.632812500     
   331427.882812500     
   331395.468750000     
   331599.109375000     
   331671.421875000     
   331764.617187500     
   331879.664062500     
   331865.156250000     
   331863.757812500     
   331997.750000000     
   332048.476562500     
   332131.210937500     
   332832.281250000     
   333135.437500000     
   333270.609375000     
   333419.187500000     
   333445.414062500     
   333458.710937500     
   333560.375000000     
   333544.773437500     
   333680.500000000     
   333754.710937500     
   333736.476562500     
   333768.734375000     
   333874.500000000     
   333861.578125000     
   334022.773437500     
   334084.312500000     
   334142.203125000     
   334092.343750000     
   334222.156250000     
   334324.992187500     
   334792.015625000     
   334887.726562500     
   334946.523437500     
   335156.507812500     
   335174.078125000     
   335173.078125000     
   335210.484375000     
   335242.492187500     
   335330.960937500     
   335494.664062500     
   335403.562500000     
   335629.671875000     
   335878.375000000     
   336057.437500000     
   336139.343750000     
   336193.414062500     
   336333.039062500     
   336397.742187500     
   336459.937500000     
   336431.617187500     
   336614.078125000     
   336589.867187500     
   336683.281250000     
   336703.062500000     
   336765.632812500     
   336769.390625000     
   336630.148437500     
   336909.882812500     
   336933.625000000     
   337113.531250000     
   336951.125000000     
   337023.578125000     
   337032.507812500     
   337613.257812500     
   337988.914062500     
   337968.710937500     
   338049.671875000     
   338126.742187500     
   338106.046875000     
   338602.312500000     
   338708.117187500     
   339091.890625000     
   340253.125000000     
   340164.281250000     
   340278.070312500     
   340221.437500000     
   348589.078125000     
   349356.804687500     
   367415.093750000     
   370985.429687500     
122

   278773.406250000     
   279219.765625000     
   326880.156250000     
   327366.023437500     
   327704.828125000     
   328237.250000000     
   328250.179687500     
   328319.945312500     
   328485.390625000     
   328470.031250000     
   328363.468750000     
   328726.851562500     
   328751.437500000     
   328727.382812500     
   328565.093750000     
   329059.125000000     
   329049.632812500     
   329122.773437500     
   329070.437500000     
   329232.265625000     
   329341.992187500     
   329459.585937500     
   329534.789062500     
   329749.843750000     
   329871.445312500     
   329973.773437500     
   330031.570312500     
   329989.640625000     
   330110.390625000     
   330326.132812500     
   330370.976562500     
   330346.773437500     
   330492.906250000     
   330475.773437500     
   330518.906250000     
   330482.078125000     
   330618.570312500     
   330676.726562500     
   330728.171875000     
   330900.000000000     
   330831.203125000     
   330922.312500000     
   331024.281250000     
   331024.796875000     
   331018.468750000     
   331087.710937500     
   331157.281250000     
   331606.476562500     
   331866.578125000     
   332055.679687500     
   332266.703125000     
   332508.898437500     
   332824.320312500     
   333115.437500000     
   333104.820312500     
   333046.437500000     
   333223.179687500     
   333184.781250000     
   333289.156250000     
   333405.960937500     
   333489.953125000     
   333498.601562500     
   333656.617187500     
   333953.710937500     
   333970.617187500     
   334194.226562500     
   334510.343750000     
   334725.335937500     
   334819.367187500     
   334927.570312500     
   335074.976562500     
   335097.078125000     
   335077.054687500     
   335187.304687500     
   335322.648437500     
   335451.898437500     
   335627.382812500     
   335945.296875000     
   335954.234375000     
   335909.679687500     
   336249.593750000     
   336394.445312500     
   336818.820312500     
   336826.843750000     
   336925.265625000     
   337241.546875000     
   337675.429687500     
   337739.367187500     
   337789.437500000     
   337893.640625000     
   337916.250000000     
   338364.835937500     
   339737.148437500     
   339715.507812500     
   339636.070312500     
   339736.953125000     
   339785.359375000     
   339840.242187500     
   339666.828125000     
   339699.109375000     
   339746.671875000     
   339805.656250000     
   339903.945312500     
   340140.414062500     
   340172.328125000     
   340307.210937500     
   340462.335937500     
   341003.867187500     
   341362.250000000     
   341797.328125000     
   342176.132812500     
   342191.726562500     
   342186.937500000     
   342263.820312500     
   342731.585937500     
   343120.765625000     
   353719.945312500     
   353712.929687500     
   357073.460937500     
   357947.539062500     
   378285.359375000     
   380573.687500000     
124

   326275.875000000     
   326632.609375000     
   326709.242187500     
   326917.117187500     
   326979.609375000     
   327545.859375000     
   327811.328125000     
   327764.164062500     
   328349.390625000     
   328805.898437500     
   329191.984375000     
   329435.179687500     
   329479.015625000     
   329712.226562500     
   329815.882812500     
   329895.687500000     
   329969.164062500     
   330060.976562500     
   330013.609375000     
   330014.109375000     
   330216.820312500     
   330204.468750000     
   330361.781250000     
   330695.656250000     
   330720.773437500     
   330653.617187500     
   331012.468750000     
   331077.687500000     
   331339.156250000     
   331450.429687500     
   331495.632812500     
   331763.390625000     
   332148.492187500     
   332275.000000000     
   332332.257812500     
   332421.203125000     
   332420.226562500     
   332699.859375000     
   332726.085937500     
   332720.000000000     
   332822.812500000     
   333050.992187500     
   333259.460937500     
   333375.859375000     
   333378.648437500     
   333414.156250000     
   333402.304687500     
   333522.156250000     
   333763.687500000     
   333835.953125000     
   334128.226562500     
   334088.625000000     
   334045.000000000     
   334089.382812500     
   334228.953125000     
   334326.539062500     
   334263.359375000     
   334306.195312500     
   335654.906250000     
   335695.781250000     
   335487.000000000     
   335824.046875000     
   335793.953125000     
   335843.492187500     
   335846.554687500     
   335950.320312500     
   335919.476562500     
   336001.117187500     
   335995.281250000     
   335865.648437500     
   336150.656250000     
   336172.726562500     
   336463.632812500     
   336417.203125000     
   336531.976562500     
   336531.796875000     
   336539.234375000     
   336578.148437500     
   336697.843750000     
   336843.164062500     
   336911.906250000     
   337187.195312500     
   337307.289062500     
   337313.921875000     
   337337.109375000     
   337425.804687500     
   337532.179687500     
   337749.187500000     
   337991.320312500     
   338229.429687500     
   338461.281250000     
   338554.671875000     
   338678.132812500     
   338753.351562500     
   339073.593750000     
   339137.007812500     
   339092.617187500     
   339130.140625000     
   339189.320312500     
   339204.250000000     
   339293.242187500     
   339560.101562500     
   339712.640625000     
   339821.250000000     
   339834.796875000     
   340073.796875000     
   340197.765625000     
   340360.375000000     
   340570.742187500     
   340622.335937500     
   341246.273437500     
   341558.984375000     
   341560.750000000     
   342184.093750000     
   342367.437500000     
   342380.617187500     
   342781.484375000     
   342926.000000000     
   343322.093750000     
   344056.304687500     
   346958.054687500     
   350021.835937500     
   363740.257812500     
   366789.140625000     
126

   317924.257812500     
   318140.023437500     
   327646.796875000     
   327675.992187500     
   329312.023437500     
   329131.585937500     
   329307.546875000     
   329637.117187500     
   329893.601562500     
   329894.671875000     
   330095.507812500     
   330082.546875000     
   330121.789062500     
   330184.359375000     
   330277.148437500     
   330270.671875000     
   330515.625000000     
   330524.125000000     
   330590.367187500     
   330623.460937500     
   331600.359375000     
   331591.703125000     
   331582.414062500     
   331721.304687500     
   331728.531250000     
   331869.125000000     
   331958.937500000     
   332056.515625000     
   332114.132812500     
   332177.445312500     
   332396.875000000     
   332363.632812500     
   332381.250000000     
   332454.078125000     
   332518.601562500     
   332553.445312500     
   332544.328125000     
   332669.632812500     
   332680.250000000     
   332713.039062500     
   332802.484375000     
   332973.992187500     
   333079.796875000     
   333200.796875000     
   333196.960937500     
   333282.921875000     
   333317.039062500     
   333475.796875000     
   333603.570312500     
   333517.960937500     
   333634.648437500     
   333778.164062500     
   333780.171875000     
   333988.171875000     
   333977.179687500     
   334068.515625000     
   333988.289062500     
   334259.492187500     
   334598.585937500     
   334773.359375000     
   334905.781250000     
   335159.117187500     
   335208.992187500     
   335248.562500000     
   335429.039062500     
   335727.804687500     
   335796.812500000     
   335851.351562500     
   336121.031250000     
   336391.000000000     
   336515.421875000     
   336968.414062500     
   336917.468750000     
   337184.539062500     
   337183.804687500     
   337692.140625000     
   337682.554687500     
   338114.593750000     
   338096.195312500     
   338239.843750000     
   338241.140625000     
   338288.656250000     
   338520.656250000     
   338679.671875000     
   338640.414062500     
   338715.203125000     
   339063.203125000     
   339061.734375000     
   339259.460937500     
   339101.265625000     
   339324.250000000     
   339313.031250000     
   339312.640625000     
   339606.953125000     
   339685.445312500     
   339664.226562500     
   339793.750000000     
   339786.679687500     
   340186.671875000     
   340995.625000000     
   340945.070312500     
   340965.835937500     
   341770.718750000     
   341921.585937500     
   342153.671875000     
   342242.984375000     
   342244.500000000     
   342415.062500000     
   342608.421875000     
   342556.992187500     
   342657.296875000     
   342738.453125000     
   344255.570312500     
   344414.265625000     
   344510.679687500     
   345216.476562500     
   348897.992187500     
   349575.718750000     
   352289.679687500     
   353001.125000000     
   353007.398437500     
   353133.914062500     
   353133.375000000     
   353486.921875000     
   372487.328125000     
   372907.992187500     
128

   322537.648437500     
   322762.132812500     
   323286.531250000     
   323356.750000000     
   323377.781250000     
   323813.507812500     
   323826.890625000     
   323937.203125000     
   326021.140625000     
   326313.109375000     
   326330.992187500     
   326404.031250000     
   326459.000000000     
   326626.140625000     
   326788.164062500     
   327047.351562500     
   328491.890625000     
   328494.554687500     
   328545.890625000     
   328628.781250000     
   328737.656250000     
   328838.164062500     
   328804.664062500     
   328829.640625000     
   329245.695312500     
   329357.382812500     
   330197.023437500     
   330796.382812500     
   330882.398437500     
   331267.757812500     
   331860.945312500     
   332020.312500000     
   332326.625000000     
   332388.453125000     
   332704.812500000     
   332648.929687500     
   332767.796875000     
   332958.234375000     
   332876.578125000     
   332906.078125000     
   333067.828125000     
   333010.031250000     
   333128.335937500     
   333358.070312500     
   333442.773437500     
   333613.078125000     
   333666.437500000     
   333584.968750000     
   333845.921875000     
   333833.671875000     
   333884.289062500     
   333962.132812500     
   333937.460937500     
   333925.750000000     
   334094.992187500     
   334071.031250000     
   334176.726562500     
   334587.601562500     
   334609.515625000     
   334659.179687500     
   334837.789062500     
   334969.976562500     
   335649.359375000     
   335662.375000000     
   335676.000000000     
   335781.242187500     
   335981.304687500     
   336134.289062500     
   336118.468750000     
   336333.421875000     
   336283.531250000     
   336286.906250000     
   336377.679687500     
   336394.171875000     
   336500.375000000     
   336697.906250000     
   336669.937500000     
   336923.414062500     
   337034.390625000     
   337235.398437500     
   337433.242187500     
   337493.398437500     
   337559.171875000     
   337700.078125000     
   337723.117187500     
   337761.046875000     
   338549.234375000     
   338591.257812500     
   338565.140625000     
   338571.656250000     
   338780.507812500     
   338995.242187500     
   339057.359375000     
   339009.382812500     
   339077.773437500     
   339447.914062500     
   339548.789062500     
   339605.359375000     
   339548.648437500     
   339634.164062500     
   339673.390625000     
   339714.531250000     
   339624.109375000     
   340084.656250000     
   340347.320312500     
   340455.171875000     
   340439.101562500     
   340493.828125000     
   340562.656250000     
   340688.984375000     
   340716.101562500     
   340955.109375000     
   341297.335937500     
   341194.835937500     
   341196.210937500     
   341328.796875000     
   344014.703125000     
   344196.476562500     
   347107.828125000     
   348009.656250000     
   348381.250000000     
   349375.968750000     
   349353.671875000     
   349366.234375000     
   353826.054687500     
   353826.281250000     
   377531.281250000     
   378558.867187500     
130

   296051.593750000     
   296054.773437500     
   320767.898437500     
   321339.312500000     
   322216.695312500     
   322220.609375000     
   322687.257812500     
   322932.156250000     
   322968.968750000     
   323118.812500000     
   325231.718750000     
   325998.875000000     
   326158.070312500     
   326233.546875000     
   326520.601562500     
   326542.406250000     
   326553.406250000     
   326683.585937500     
   326669.742187500     
   326735.437500000     
   326781.460937500     
   327082.015625000     
   327485.539062500     
   327501.281250000     
   327514.148437500     
   327617.460937500     
   327621.640625000     
   327768.671875000     
   328030.359375000     
   328202.257812500     
   328584.601562500     
   329026.843750000     
   329308.007812500     
   330264.773437500     
   330561.062500000     
   330828.554687500     
   330852.406250000     
   331263.679687500     
   331540.937500000     
   331553.445312500     
   331696.578125000     
   331779.734375000     
   331800.101562500     
   331769.250000000     
   331799.710937500     
   331866.828125000     
   332072.398437500     
   332133.375000000     
   332168.742187500     
   332190.726562500     
   332283.906250000     
   332286.328125000     
   332342.210937500     
   332383.164062500     
   332734.039062500     
   333334.289062500     
   333334.312500000     
   333296.179687500     
   333413.843750000     
   333640.460937500     
   333634.976562500     
   334029.375000000     
   333999.351562500     
   334040.750000000     
   334328.804687500     
   334493.289062500     
   334677.507812500     
   334786.929687500     
   334888.171875000     
   334941.023437500     
   335047.742187500     
   335162.281250000     
   335140.570312500     
   335130.945312500     
   335130.898437500     
   335206.546875000     
   335413.585937500     
   335476.820312500     
   335414.328125000     
   335713.750000000     
   335800.609375000     
   335859.039062500     
   335720.406250000     
   335897.796875000     
   336048.414062500     
   336415.320312500     
   336768.789062500     
   336751.718750000     
   336908.179687500     
   336903.257812500     
   337461.453125000     
   337599.140625000     
   337650.953125000     
   337687.335937500     
   337826.320312500     
   338289.148437500     
   338578.718750000     
   338778.023437500     
   339044.804687500     
   339342.679687500     
   339399.507812500     
   339427.867187500     
   339491.921875000     
   339860.585937500     
   339899.734375000     
   340124.914062500     
   340123.226562500     
   340281.109375000     
   340445.203125000     
   340458.812500000     
   340456.507812500     
   340587.718750000     
   340799.101562500     
   340867.101562500     
   341108.695312500     
   341399.890625000     
   341953.187500000     
   342040.796875000     
   342380.343750000     
   342368.210937500     
   343005.007812500     
   342967.718750000     
   344500.835937500     
   345356.125000000     
   346744.359375000     
   346790.328125000     
   349163.000000000     
   349202.531250000     
   370744.351562500     
   370980.289062500     
132

   325655.882812500     
   325765.562500000     
   326079.554687500     
   326039.492187500     
   330078.546875000     
   330426.351562500     
   330788.460937500     
   330840.718750000     
   332045.062500000     
   332125.976562500     
   332174.132812500     
   332409.492187500     
   332539.531250000     
   332582.406250000     
   332816.679687500     
   333038.179687500     
   333164.906250000     
   333211.562500000     
   333392.109375000     
   333540.000000000     
   333491.921875000     
   333564.171875000     
   333544.523437500     
   333794.968750000     
   334054.164062500     
   334193.226562500     
   334416.726562500     
   334529.671875000     
   334845.742187500     
   334672.703125000     
   334742.546875000     
   334863.421875000     
   334783.906250000     
   335041.820312500     
   334976.375000000     
   335136.742187500     
   335264.085937500     
   335265.031250000     
   335292.820312500     
   335365.148437500     
   335416.843750000     
   335543.671875000     
   335607.867187500     
   335659.531250000     
   335550.781250000     
   335705.140625000     
   335757.085937500     
   336017.414062500     
   335938.328125000     
   336159.328125000     
   336165.390625000     
   336246.648437500     
   336303.257812500     
   336227.148437500     
   336341.273437500     
   336395.250000000     
   336504.367187500     
   336517.796875000     
   336828.359375000     
   336866.414062500     
   336752.546875000     
   336891.460937500     
   336998.921875000     
   337209.390625000     
   337200.484375000     
   337266.671875000     
   337295.289062500     
   337304.375000000     
   337376.984375000     
   337419.390625000     
   337260.656250000     
   337380.906250000     
   337572.835937500     
   337499.773437500     
   337617.578125000     
   337753.554687500     
   337939.609375000     
   337861.203125000     
   337858.023437500     
   337901.484375000     
   337926.804687500     
   338045.226562500     
   338177.109375000     
   338272.445312500     
   338369.414062500     
   338291.710937500     
   338592.148437500     
   338736.343750000     
   338789.710937500     
   339044.937500000     
   339057.968750000     
   339100.843750000     
   339186.195312500     
   339188.734375000     
   339105.476562500     
   339335.664062500     
   339348.578125000     
   339419.554687500     
   339521.398437500     
   339623.382812500     
   339530.875000000     
   339535.843750000     
   339869.062500000     
   340265.007812500     
   340186.898437500     
   340138.945312500     
   340354.539062500     
   340663.804687500     
   340653.109375000     
   341017.765625000     
   342629.164062500     
   342633.664062500     
   342425.843750000     
   342428.382812500     
   342752.242187500     
   342783.726562500     
   342760.796875000     
   342872.320312500     
   342874.523437500     
   342861.593750000     
   343134.742187500     
   343409.445312500     
   344716.742187500     
   344718.351562500     
   346024.031250000     
   346059.828125000     
   348925.671875000     
   348925.671875000     
   352363.742187500     
   352561.335937500     
   366204.242187500     
   367798.023437500     
134

   300991.195312500     
   301076.257812500     
   326576.648437500     
   326654.656250000     
   326810.898437500     
   326805.007812500     
   326924.382812500     
   327183.203125000     
   327329.312500000     
   327529.101562500     
   328271.500000000     
   328478.250000000     
   328695.796875000     
   328714.750000000     
   328885.007812500     
   328914.257812500     
   329146.828125000     
   329181.695312500     
   330166.914062500     
   330391.132812500     
   331698.359375000     
   331997.726562500     
   332029.242187500     
   332211.710937500     
   332301.320312500     
   332495.335937500     
   332739.898437500     
   332771.406250000     
   332722.679687500     
   333293.906250000     
   333313.085937500     
   333367.039062500     
   333306.492187500     
   333430.539062500     
   333513.210937500     
   333541.421875000     
   333503.351562500     
   333530.078125000     
   333566.351562500     
   333559.812500000     
   333606.312500000     
   333673.125000000     
   333746.656250000     
   333784.851562500     
   333837.437500000     
   333883.367187500     
   334095.039062500     
   334156.578125000     
   334273.765625000     
   334367.937500000     
   334437.953125000     
   334560.593750000     
   334619.906250000     
   334590.734375000     
   334673.031250000     
   334815.406250000     
   334886.929687500     
   335100.015625000     
   335100.023437500     
   335151.250000000     
   335126.851562500     
   335469.546875000     
   335386.164062500     
   335681.687500000     
   335659.695312500     
   335710.054687500     
   335613.937500000     
   335909.429687500     
   335931.843750000     
   336031.320312500     
   336240.070312500     
   336488.210937500     
   336587.718750000     
   336724.468750000     
   336668.500000000     
   336900.734375000     
   337188.859375000     
   337518.554687500     
   337424.992187500     
   337622.578125000     
   337663.218750000     
   337734.093750000     
   337789.992187500     
   337881.843750000     
   337984.453125000     
   337923.593750000     
   338094.796875000     
   338172.390625000     
   338118.828125000     
   338195.976562500     
   338351.445312500     
   338372.929687500     
   338468.734375000     
   338439.554687500     
   338704.726562500     
   338655.367187500     
   338838.078125000     
   338921.187500000     
   339090.671875000     
   339135.015625000     
   339878.140625000     
   339896.890625000     
   340659.101562500     
   341297.687500000     
   341698.031250000     
   341901.890625000     
   342075.632812500     
   342435.367187500     
   342830.015625000     
   342973.023437500     
   342957.187500000     
   343216.078125000     
   344878.007812500     
   345194.625000000     
   345627.945312500     
   346071.546875000     
   346121.000000000     
   346467.445312500     
   347306.343750000     
   347365.000000000     
   347367.843750000     
   347576.632812500     
   347560.632812500     
   348315.320312500     
   348324.343750000     
   348322.187500000     
   350396.351562500     
   350744.804687500     
   352254.328125000     
   354080.265625000     
   358312.468750000     
   359853.648437500     
   365007.843750000     
   366145.820312500     
136

   325544.304687500     
   325733.960937500     
   326491.804687500     
   326556.070312500     
   326602.250000000     
   326622.296875000     
   326671.820312500     
   327933.882812500     
   328440.992187500     
   328678.695312500     
   328753.117187500     
   328819.664062500     
   329808.617187500     
   329818.765625000     
   330540.335937500     
   330700.109375000     
   330901.492187500     
   330995.335937500     
   331536.562500000     
   331733.695312500     
   331999.687500000     
   331972.695312500     
   332045.281250000     
   332133.781250000     
   332150.781250000     
   332173.726562500     
   332352.382812500     
   332619.304687500     
   332823.835937500     
   332809.648437500     
   334260.226562500     
   334471.085937500     
   335151.070312500     
   335176.781250000     
   335151.992187500     
   335193.632812500     
   335348.773437500     
   335651.898437500     
   335729.476562500     
   335902.609375000     
   336006.250000000     
   336131.445312500     
   336348.851562500     
   336821.875000000     
   336794.281250000     
   336787.976562500     
   337147.890625000     
   337110.554687500     
   337280.078125000     
   337244.914062500     
   337278.273437500     
   337475.304687500     
   337617.984375000     
   337810.226562500     
   337773.835937500     
   337754.273437500     
   337797.859375000     
   338302.234375000     
   338636.132812500     
   338817.351562500     
   338838.320312500     
   338912.070312500     
   338994.218750000     
   339142.585937500     
   339243.218750000     
   339595.132812500     
   339703.257812500     
   339578.281250000     
   339879.703125000     
   339961.453125000     
   339921.226562500     
   340108.250000000     
   339995.429687500     
   340018.351562500     
   340019.046875000     
   340083.109375000     
   340019.664062500     
   340056.109375000     
   340124.851562500     
   340130.843750000     
   340301.164062500     
   340284.281250000     
   340372.992187500     
   340896.265625000     
   340745.882812500     
   340745.570312500     
   340723.968750000     
   340722.000000000     
   340765.820312500     
   341163.281250000     
   340994.437500000     
   341116.664062500     
   341252.453125000     
   341687.335937500     
   341686.085937500     
   341889.195312500     
   341996.656250000     
   341918.906250000     
   342051.835937500     
   342032.429687500     
   342162.960937500     
   342295.531250000     
   342699.609375000     
   342922.898437500     
   343009.289062500     
   342935.085937500     
   343662.585937500     
   344052.679687500     
   346643.789062500     
   346967.507812500     
   347417.046875000     
   347806.421875000     
   350287.273437500     
   350695.609375000     
   350907.851562500     
   350953.695312500     
   351022.046875000     
   351002.007812500     
   351229.687500000     
   351791.531250000     
   353623.328125000     
   353941.437500000     
   354038.492187500     
   354666.210937500     
   354941.445312500     
   355727.578125000     
   355667.546875000     
   355840.031250000     
   355969.718750000     
   356228.187500000     
   361994.171875000     
   362083.367187500     
   362071.414062500     
   363546.906250000     
   374896.070312500     
   376919.796875000     
